
## DEFINE QUANTILES
###################################################

IQ0 <- 0.5
SD1 <- 0.6827
SD2 <- 0.9545
SD3 <- 0.9973

qIQ0 <- c(0.50-(IQ0/2),0.5,0.5+(IQ0/2))
qSD1 <- c(0.50-(SD1/2),0.5,0.5+(SD1/2))
qSD2 <- c(0.50-(SD2/2),0.5,0.5+(SD2/2))
qSD3 <- c(0.50-(SD3/2),0.5,0.5+(SD3/2))

qSD <- c(0.50-(SD2/2),0.50-(SD1/2),0.5,0.5+(SD1/2),0.5+(SD2/2))
